<svg xmlns="http://www.w3.org/2000/svg" height="1024" preserveAspectRatio="none" style="display: block;" version="1.1" viewBox="0 0 2048 2048" width="1024">
<path d="M 0 0 L 996.259 0 L 1438.67 0 L 2048 0 L 2048 370.21 L 2048 383.342 L 2048 403.08 L 2048 975.154 L 2048 1059.25 L 2048 1093.19 L 2048 1179.87 L 2048 1191.46 L 2048 1214.58 L 2048 1928.82 L 2048 1992.84 L 2048 2048 L 959.134 2048 L 897.903 2048 L 91.8863 2048 L 0 2048 L 0 2037.17 L 0 1141.43 L 0 1110.52 L 0 726.673 L 0 707.664 L 0 650.937 L 0 227.458 L 0 0 z" fill="rgb(255,140,0)" transform="translate(0,0)"></path>
<path d="M 45.1444 637.741 L 219.76 904.469 L 270.838 982.308 C 275.153 989.017 287.27 1006.85 290.538 1013.3 C 295.075 1020.46 299.669 1027.95 304.34 1035 C 326.707 1065.68 349.245 1102.63 370.415 1134.77 L 509.641 1346.77 C 560.385 1423.47 610.735 1500.43 660.687 1577.64 C 678.459 1604.77 695.977 1632.06 713.238 1659.51 C 719.671 1669.56 730.803 1685.12 736.326 1694.89 L 738.596 1698.14 C 753.518 1722.19 782.424 1764.05 794.365 1788.88 C 795.798 1790.76 797.146 1792.88 798.939 1794.27 C 825.425 1782.9 851.624 1769.82 877.621 1757.38 L 962.059 1717.26 C 982.853 1707.15 1005.11 1695.27 1026.14 1686.21 C 1063.92 1668.31 1103.25 1647.35 1141.06 1630.72 C 1159.35 1621.62 1177.75 1612.74 1196.26 1604.09 C 1243.76 1578.47 1299.33 1554.54 1348.19 1530.34 C 1382.08 1513.55 1417.94 1494.81 1452.42 1479.67 C 1456.64 1476.38 1471.71 1469.83 1477.28 1467.01 C 1493.79 1458.62 1513.54 1450.2 1529.18 1440.49 L 1531.82 1439.45 L 1536.24 1436.81 C 1546.76 1432.65 1556.87 1426.3 1567.72 1422.05 C 1573.01 1419.92 1578.52 1417.45 1583.78 1415.19 C 1614.07 1402.44 1644.23 1386.2 1674.3 1372.82 C 1682.5 1368.06 1699.82 1360.46 1708.87 1356.16 C 1732.25 1345.13 1755.56 1333.98 1778.82 1322.69 C 1841.47 1292.71 1903.86 1262.2 1966 1231.18 C 1993.42 1217.76 2020.73 1205.39 2048 1191.46 L 2048 1214.58 L 2048 1928.82 L 2048 1992.84 L 2048 2048 L 959.134 2048 L 897.903 2048 L 91.8863 2048 L 0 2048 L 0 2037.17 L 0 1141.43 L 0 1110.52 L 0 726.673 L 0 707.664 L 0 650.937 C 15.9997 647.002 29.8272 644.016 45.1444 637.741 z" fill="rgb(36,113,95)" transform="translate(0,0)"></path>
<path d="M 2048 1191.46 L 2048 1214.58 L 2048 1928.82 C 2034.54 1916.88 2010.21 1889.34 1997.18 1875.57 L 1899.62 1773.12 C 1793.72 1663.35 1688.87 1552.58 1585.09 1440.8 L 1584.95 1439.89 L 1567.72 1422.05 C 1573.01 1419.92 1578.52 1417.45 1583.78 1415.19 C 1614.07 1402.44 1644.23 1386.2 1674.3 1372.82 C 1682.5 1368.06 1699.82 1360.46 1708.87 1356.16 C 1732.25 1345.13 1755.56 1333.98 1778.82 1322.69 C 1841.47 1292.71 1903.86 1262.2 1966 1231.18 C 1993.42 1217.76 2020.73 1205.39 2048 1191.46 z" fill="rgb(36,113,95)" transform="translate(0,0)"></path>
<path d="M 220.853 1065 C 242.44 1057.73 284.864 1043.77 304.34 1035 C 326.707 1065.68 349.245 1102.63 370.415 1134.77 L 509.641 1346.77 C 560.385 1423.47 610.735 1500.43 660.687 1577.64 C 678.459 1604.77 695.977 1632.06 713.238 1659.51 C 719.671 1669.56 730.803 1685.12 736.326 1694.89 C 706.864 1707.29 679.741 1723.14 650.406 1735.73 C 645.6 1737.79 640.784 1740.08 636.03 1742.28 C 632.881 1738.27 626.515 1727.13 623.412 1722.03 L 598.892 1681.83 L 513.74 1542.91 L 220.853 1065 z" fill="rgb(10,10,10)" transform="translate(0,0)"></path>
<path d="M 45.1444 637.741 L 219.76 904.469 L 270.838 982.308 C 275.153 989.017 287.27 1006.85 290.538 1013.3 C 262.656 1022.94 234.696 1032.35 206.662 1041.54 C 198.816 1035.54 18.7514 738.958 0 707.664 L 0 650.937 C 15.9997 647.002 29.8272 644.016 45.1444 637.741 z" fill="rgb(10,10,10)" transform="translate(0,0)"></path>
<path d="M 635.804 1742.86 C 640.081 1749.4 655.967 1772.93 658.069 1779.17 C 654.294 1781.21 650.958 1783.03 647.035 1784.82 C 625.53 1794.19 604.749 1804.89 583.46 1814.75 L 331.823 1933.73 L 174.195 2008.59 L 119.586 2034.3 C 112.032 2037.9 98.5843 2043.9 91.8863 2048 L 0 2048 L 0 2037.17 C 36.1783 2022.88 61.6948 2009.83 96.4494 1993.91 C 151.791 1969.08 206.855 1943.63 261.632 1917.57 L 622.257 1748.75 L 622.559 1748.25 C 627.066 1746.25 631.222 1744.62 635.804 1742.86 z" fill="rgb(0,200,83)" transform="translate(0,0)"></path>
<path d="M 1567.72 1422.05 L 1584.95 1439.89 L 1585.09 1440.8 C 1688.87 1552.58 1793.72 1663.35 1899.62 1773.12 L 1997.18 1875.57 C 2010.21 1889.34 2034.54 1916.88 2048 1928.82 L 2048 1992.84 C 1942.28 1877.66 1835.76 1763.22 1728.44 1649.53 L 1610.16 1521.58 C 1591.4 1501.39 1569.86 1477.22 1550.4 1458.21 L 1549.74 1458.16 C 1546.6 1454.93 1544.17 1452.49 1540.78 1449.54 L 1536.48 1444.98 L 1531.82 1439.45 L 1536.24 1436.81 C 1546.76 1432.65 1556.87 1426.3 1567.72 1422.05 z" fill="rgb(0,200,83)" transform="translate(0,0)"></path>
<path d="M 753.767 1815.09 C 765.792 1810.91 789.56 1796.68 799.011 1794.76 L 800.647 1797.24 C 801.822 1799.02 806.854 1806.33 807.33 1807.79 L 813.931 1817.86 C 828.054 1844.61 854.874 1885.08 871.581 1911.83 C 891.142 1943.15 910.996 1974.28 931.14 2005.23 C 939.831 2018.59 950.126 2035.28 959.134 2048 L 897.903 2048 C 893.817 2038.41 875.219 2011.83 868.715 2001.06 L 795.403 1881.58 C 785.556 1865.68 772.766 1847.77 763.902 1831.78 L 763.46 1831.95 L 753.767 1815.09 z" fill="rgb(0,200,83)" transform="translate(0,0)"></path>
<path d="M 194.464 1044.47 C 197.546 1044.02 202.734 1042.63 205.936 1041.89 C 208.906 1046.98 218.49 1061.19 220.218 1065.04 L 209.976 1069.17 L 209.247 1069.04 L 67.9093 1118.37 C 45.5955 1126.06 22.0119 1133.42 0 1141.43 L 0 1110.52 C 22.4584 1104.5 49.3077 1094.49 71.8721 1087.25 C 113.11 1074.03 153.975 1059.87 194.464 1044.47 z" fill="rgb(0,200,83)" transform="translate(0,0)"></path>
<path d="M 659.215 1778.82 C 677.748 1769.52 696.106 1759.87 714.28 1749.89 C 718.497 1756.63 745.856 1800.55 747.646 1805.44 L 749.632 1808.04 C 751.006 1811.22 752.393 1812.59 751.539 1815 C 744.541 1818.59 719.523 1819.32 712.271 1816.65 C 689.918 1813.53 666.127 1801.74 658.069 1779.17 L 659.215 1778.82 z" fill="rgb(10,10,10)" transform="translate(0,0)"></path>
<path d="M 1529.18 1440.49 L 1531.82 1439.45 L 1536.48 1444.98 C 1512.49 1451.88 1483.98 1471.26 1464.99 1476.05 L 1466.74 1475.03 C 1463.34 1476.22 1454.66 1480.12 1452.42 1479.67 C 1456.64 1476.38 1471.71 1469.83 1477.28 1467.01 C 1493.79 1458.62 1513.54 1450.2 1529.18 1440.49 z" fill="rgb(13,71,47)" transform="translate(0,0)"></path>
<path d="M 996.259 0 L 1438.67 0 L 2048 0 L 2048 370.21 L 2048 383.342 L 2048 403.08 L 1737.8 511.767 C 1674.44 533.731 1597.37 558.703 1536.24 584.106 L 1535.62 584.082 C 1518.56 592.099 1491.15 598.77 1475.42 606.666 C 1468.39 600.464 1462.53 595.966 1455.07 590.364 C 1448.59 586.217 1429.55 569.995 1422.84 564.545 C 1401.18 546.871 1379.43 529.305 1357.6 511.848 C 1282.87 452.905 1208.67 393.295 1135 333.025 L 1133.58 331.754 C 1131.62 328.976 1103.72 305.832 1098.78 301.159 L 1098.29 300.979 C 1089.93 291.469 1073.15 278.698 1063.02 270.339 C 1007.7 224.692 951.543 179.251 897.066 132.635 C 876.452 114.932 855.519 97.6035 834.278 80.6577 C 821.734 70.534 805.598 57.1578 792.33 48.3869 C 799.985 46.7001 805.714 45.168 813.222 42.8824 L 813.875 43.0306 C 854.829 31.7633 901.646 23.6528 943.074 12.9829 C 959.565 8.73558 980.756 5.34839 996.259 0 z" fill="rgb(36,113,95)" transform="translate(0,0)"></path>
<path d="M 1438.67 0 L 2048 0 L 2048 370.21 C 2024.27 356.571 1998.37 338.879 1974.59 324.333 L 1764 197.55 C 1747.55 187.813 1731.73 176.871 1715.21 167.444 C 1720.47 165.289 1754.2 156.154 1760.1 154.967 L 1740.71 142.69 C 1725.8 147.368 1710.86 151.949 1695.89 156.433 C 1674.19 141.577 1638.73 121.582 1615.34 107.354 L 1438.67 0 z" fill="rgb(10,10,10)" transform="translate(0,0)"></path>
<path d="M 1193.52 318.054 L 1194.17 318.232 L 1459.25 523.634 C 1478.14 538.124 1497.06 554.296 1515.91 568.417 C 1500.3 574.106 1468.65 583.764 1455.07 590.364 C 1448.59 586.217 1429.55 569.995 1422.84 564.545 C 1401.18 546.871 1379.43 529.305 1357.6 511.848 C 1282.87 452.905 1208.67 393.295 1135 333.025 C 1144.91 334.615 1182.32 321.52 1193.52 318.054 z" fill="rgb(10,10,10)" transform="translate(0,0)"></path>
<path d="M 1516.94 568.941 C 1527.37 564.182 1551.29 556.739 1563.15 552.6 L 1670.29 515.731 C 1796.61 472.79 1922.52 428.659 2048 383.342 L 2048 403.08 L 1737.8 511.767 C 1674.44 533.731 1597.37 558.703 1536.24 584.106 L 1535.62 584.082 C 1530.59 578.864 1522.88 573.423 1516.94 568.941 z" fill="rgb(0,200,83)" transform="translate(0,0)"></path>
<path d="M 1695.85 156.777 C 1702.33 159.88 1707.57 162.977 1713.78 166.618 C 1704.7 170.689 1673.34 179.095 1661.78 182.394 L 1556.86 212.31 L 1194.17 318.232 L 1193.52 318.054 C 1191.24 315.111 1181.63 306.978 1178.31 304.052 C 1183.54 302.18 1199.28 298.701 1205.31 297.198 C 1219.83 293.522 1234.3 289.637 1248.72 285.543 L 1407.86 240.037 L 1609.58 181.74 C 1634.12 174.7 1672.21 161.981 1695.85 156.777 z" fill="rgb(0,200,83)" transform="translate(0,0)"></path>
<path d="M 813.222 42.8824 L 813.875 43.0306 C 880.883 99.2699 951.336 156.781 1019.43 211.847 L 1086.07 265.981 C 1096.22 274.131 1113.25 286.606 1122.32 295.029 L 1098.78 301.159 L 1098.29 300.979 C 1089.93 291.469 1073.15 278.698 1063.02 270.339 C 1007.7 224.692 951.543 179.251 897.066 132.635 C 876.452 114.932 855.519 97.6035 834.278 80.6577 C 821.734 70.534 805.598 57.1578 792.33 48.3869 C 799.985 46.7001 805.714 45.168 813.222 42.8824 z" fill="rgb(0,200,83)" transform="translate(0,0)"></path>
<path d="M 1135.66 291.124 C 1143.85 293.432 1170.92 300.354 1177.04 303.312 C 1172.2 307.295 1152.07 312.519 1145.1 314.554 C 1138.16 307.34 1130.32 302.027 1123.22 294.906 C 1127.36 293.623 1131.51 292.362 1135.66 291.124 z" fill="rgb(10,10,10)" transform="translate(0,0)"></path>
<path d="M 0 0 L 996.259 0 C 980.756 5.34839 959.565 8.73558 943.074 12.9829 C 901.646 23.6528 854.829 31.7633 813.875 43.0306 L 813.222 42.8824 C 805.714 45.168 799.985 46.7001 792.33 48.3869 C 805.598 57.1578 821.734 70.534 834.278 80.6577 C 855.519 97.6035 876.452 114.932 897.066 132.635 C 951.543 179.251 1007.7 224.692 1063.02 270.339 C 1073.15 278.698 1089.93 291.469 1098.29 300.979 L 1098.78 301.159 C 1103.72 305.832 1131.62 328.976 1133.58 331.754 C 1052.67 356.448 966.288 379.563 884.628 402.028 L 653.905 466.356 L 624.702 474.631 L 238.663 582.879 C 191.841 595.73 145.115 608.926 98.4873 622.466 C 83.5063 626.782 59.1602 632.352 45.5219 637.11 L 45.1444 637.741 C 29.8272 644.016 15.9997 647.002 0 650.937 L 0 227.458 L 0 0 z" fill="rgb(36,113,95)" transform="translate(0,0)"></path>
<path d="M 0 0 L 996.259 0 C 980.756 5.34839 959.565 8.73558 943.074 12.9829 C 901.646 23.6528 854.829 31.7633 813.875 43.0306 L 813.222 42.8824 C 804.383 34.4003 789.513 23.3942 779.53 15.8218 C 772.799 17.2166 764.825 18.6556 758.381 20.7153 C 764.295 25.0894 788.106 42.6321 791.597 48.0146 C 737.048 61.4878 677.842 73.7347 622.623 86.0447 L 478.684 119.281 L 389.308 139.353 C 376.312 142.316 358.397 145.82 346.026 149.419 C 340.181 146.124 316.285 120.484 310.095 114.159 C 300.397 115.696 293.712 116.74 284.188 119.355 C 291.62 127.314 316.789 149.182 320.751 155.77 C 311.866 156.595 293.595 161.289 284.252 163.418 L 216.762 178.779 L 103.133 204.786 C 69.2043 212.297 33.6586 219.434 0 227.458 L 0 0 z" fill="rgb(10,10,10)" transform="translate(0,0)"></path>
<path d="M 589.819 440.546 C 594.57 442.808 620.496 469.756 624.702 474.631 L 238.663 582.879 C 191.841 595.73 145.115 608.926 98.4873 622.466 C 83.5063 626.782 59.1602 632.352 45.5219 637.11 C 37.9439 624.283 27.4045 612.187 19.866 598.681 L 342.163 508.679 C 398.81 493.679 455.365 478.332 511.824 462.64 C 537.864 455.438 564.058 448.801 589.819 440.546 z" fill="rgb(10,10,10)" transform="translate(0,0)"></path>
<path d="M 1098.29 300.979 L 1098.78 301.159 C 1103.72 305.832 1131.62 328.976 1133.58 331.754 C 1052.67 356.448 966.288 379.563 884.628 402.028 L 653.905 466.356 C 642.344 455.284 630.065 444.195 618.339 433.18 C 639.768 428.106 662.823 421.007 684.238 415.017 L 795.759 384.161 C 896.209 356.545 998.199 329.609 1098.29 300.979 z" fill="rgb(10,10,10)" transform="translate(0,0)"></path>
<path d="M 321.573 155.949 C 326.552 154.026 340.428 150.492 345.671 150.105 C 349.812 156.437 360.864 167.29 366.282 173.057 C 380.208 187.877 395.316 202.159 409.355 216.807 L 556.558 370.105 C 575.42 389.786 599.589 413.234 617.325 432.978 C 611.753 434.475 595.097 439.838 590.889 439.831 C 580.663 426.297 565.626 411.61 553.59 399.104 L 511.194 354.189 L 321.573 155.949 z" fill="rgb(0,200,83)" transform="translate(0,0)"></path>
<path d="M 2048 403.08 L 2048 975.154 L 1536.24 584.106 C 1597.37 558.703 1674.44 533.731 1737.8 511.767 L 2048 403.08 z" fill="rgb(36,113,95)" transform="translate(0,0)"></path>
<path d="M 2048 1093.19 L 2048 1179.87 L 2048 1191.46 C 2020.73 1205.39 1993.42 1217.76 1966 1231.18 C 1903.86 1262.2 1841.47 1292.71 1778.82 1322.69 C 1755.56 1333.98 1732.25 1345.13 1708.87 1356.16 C 1699.82 1360.46 1682.5 1368.06 1674.3 1372.82 C 1644.23 1386.2 1614.07 1402.44 1583.78 1415.19 C 1578.52 1417.45 1573.01 1419.92 1567.72 1422.05 C 1556.87 1426.3 1546.76 1432.65 1536.24 1436.81 L 1531.82 1439.45 L 1529.18 1440.49 C 1513.54 1450.2 1493.79 1458.62 1477.28 1467.01 C 1471.71 1469.83 1456.64 1476.38 1452.42 1479.67 C 1417.94 1494.81 1382.08 1513.55 1348.19 1530.34 C 1299.33 1554.54 1243.76 1578.47 1196.26 1604.09 C 1177.75 1612.74 1159.35 1621.62 1141.06 1630.72 C 1103.25 1647.35 1063.92 1668.31 1026.14 1686.21 C 1005.11 1695.27 982.853 1707.15 962.059 1717.26 L 877.621 1757.38 C 851.624 1769.82 825.425 1782.9 798.939 1794.27 C 797.146 1792.88 795.798 1790.76 794.365 1788.88 C 782.424 1764.05 753.518 1722.19 738.596 1698.14 C 756.482 1691.31 778.15 1680.56 795.823 1672.35 C 825.924 1658.31 856.102 1644.44 886.355 1630.74 L 1292.58 1443.92 L 1395.8 1396.64 C 1417.43 1386.54 1443 1373.65 1464.88 1365.05 C 1475.69 1360.68 1488.92 1354.19 1499.72 1349.26 C 1518.37 1337.27 1563.7 1319.24 1584.47 1309.26 C 1624.79 1289.9 1666.14 1271.17 1706.76 1252.5 C 1771.48 1222.96 1836.04 1193.09 1900.46 1162.89 C 1949.71 1139.48 1997.76 1115.15 2048 1093.19 z" fill="rgb(10,10,10)" transform="translate(0,0)"></path>
<path d="M 1499.72 1349.26 C 1519.19 1368.84 1548.58 1397.91 1565.77 1419.37 C 1556.43 1424.39 1547.06 1428.87 1537.52 1433.48 L 1531.79 1436.37 C 1528.16 1435.64 1529.2 1435.7 1526.14 1432.23 C 1507.67 1409.6 1484.24 1388.44 1464.88 1365.05 C 1475.69 1360.68 1488.92 1354.19 1499.72 1349.26 z" fill="rgb(0,200,83)" transform="translate(0,0)"></path>
<path d="M 1535.62 584.082 L 1536.24 584.106 L 2048 975.154 L 2048 1059.25 C 2024.62 1038.59 1989.55 1012.67 1964.38 993.14 L 1827.15 886.856 C 1780.53 850.949 1733.18 812.3 1686.87 775.746 C 1615.74 720.193 1545.26 663.829 1475.42 606.666 C 1491.15 598.77 1518.56 592.099 1535.62 584.082 z" fill="rgb(10,10,10)" transform="translate(0,0)"></path>
<path d="M 1064.64 474.953 C 1069.62 475.009 1089.77 493.725 1094.99 498.174 L 1487.28 838.742 C 1545.31 889.257 1604.43 938.52 1662.07 989.487 C 1670.52 996.964 1679.02 1003.97 1687.15 1011.85 C 1675.89 1016.37 1663.44 1022.41 1651.94 1027.25 L 1521.4 1082.55 L 1214.34 1211.27 C 1122.33 1250.75 1029.79 1288.95 936.724 1325.87 C 908.192 1337.14 880.317 1350.17 851.67 1360.91 C 716.795 1179.22 580.847 998.323 443.833 818.238 C 411.242 774.911 378.582 732.682 346.353 688.834 C 389.224 677.635 438.296 661.871 481.172 649.034 L 698.11 584.576 L 966.378 504.295 C 998.161 494.631 1033.6 485.338 1064.64 474.953 z" fill="rgb(10,10,10)" transform="translate(0,0)"></path>
<path d="M 1130.69 772.422 C 1152.4 771.454 1169.34 773.491 1190.2 779.776 C 1187.84 787.287 1184.84 795.363 1182.23 802.85 C 1003.31 742.721 1007.64 1014.87 1170.75 958.723 C 1169.34 941.494 1170.43 916.187 1170.23 897.855 C 1155.76 896.527 1139.85 897.491 1125.2 898.072 C 1125.32 892.146 1123.84 879.707 1127.13 875.26 L 1130.75 874.886 L 1198.14 874.981 L 1197.81 974.498 C 1155.97 993.176 1089.77 995.981 1053.72 963.883 C 1031.86 945.414 1020.8 920.318 1019.36 891.615 C 1015.75 819.463 1060.91 776.797 1130.69 772.422 z" fill="rgb(255,140,0)" transform="translate(0,0)"></path>
<path d="M 942.683 772.424 C 964 771.569 977.123 773.375 997.091 780.798 C 995.09 786.309 992.624 796.516 990.993 802.493 C 930.882 778.018 865.63 806.816 862.007 875.631 C 857.95 952.688 917.791 979.241 984.628 958.112 L 986.262 957.598 C 990.192 960.808 991.662 973.761 992.755 979.58 C 980.364 983.628 967.567 986.306 954.593 987.567 C 890.747 993.744 837.921 964.78 832.784 896.548 C 827.205 822.452 869.333 777.149 942.683 772.424 z" fill="rgb(255,140,0)" transform="translate(0,0)"></path>
<metadata><recraft-signature>{"signed_by": "recraft", "signature_b64": "M/q8lf7Phce1LTvm/ldBZhJUJYo/T1P8iYgCsawe1I9fBjwgffIZjkUz5QVTmiJb7uWVK8PrTldVoSfcHzbUAQ==", "signing_algo": "Ed25519", "generation_timestamp": 1774012667, "identifier": "98ea4610-ea7f-48be-85e2-61c74663cc69"}</recraft-signature></metadata></svg>